> #library
> library(faraway)
> 
> #dataset
> str(pima)
'data.frame':   768 obs. of  9 variables:
 $ pregnant : int  6 1 8 1 0 5 3 10 2 8 ...
 $ glucose  : int  148 85 183 89 137 116 78 115 197 125 ...
 $ diastolic: int  72 66 64 66 40 74 50 0 70 96 ...
 $ triceps  : int  35 29 0 23 35 0 32 0 45 0 ...
 $ insulin  : int  0 0 0 94 168 0 88 0 543 0 ...
 $ bmi      : num  33.6 26.6 23.3 28.1 43.1 25.6 31 35.3 30.5 0 ...
 $ diabetes : num  0.627 0.351 0.672 0.167 2.288 ...
 $ age      : int  50 31 32 21 33 30 26 29 53 54 ...
 $ test     : int  1 0 1 0 1 0 1 0 1 1 ...
> 
> #one way table
> preg <- table(pima$pregnant)
> preg

  0   1   2   3   4   5   6   7   8   9  10  11  12  13  14  15  17 
111 135 103  75  68  57  50  45  38  28  24  11   9  10   2   1   1 
> 
> #two way table
> age <- table(pima$pregnant, pima$age)
> age
    
     21 22 23 24 25 26 27 28 29 30 31 32 33 34 35 36 37 38 39 40 41 42 43 44 45
  0  21 17  8  9 13  9  5  2  3  1  4  2  2  0  2  1  0  1  0  0  1  0  0  2  0
  1  23 22 13 14  7  7  4  8  6  3  2  2  4  0  0  2  1  2  0  1  2  3  1  0  2
  2  14 18 10  9 14  5  8  5  5  2  2  0  1  1  0  0  0  0  0  0  1  1  0  0  0
  3   3 10  3  7  9  5  6  6  2  4  2  2  0  2  1  2  1  1  2  2  0  0  0  1  0
  4   2  4  3  4  2  4  3  5  5  4  6  1  3  3  1  2  6  1  0  1  0  0  0  0  1
  5   0  0  0  1  3  1  4  4  2  5  0  2  2  1  3  1  4  3  0  1  2  1  1  1  1
  6   0  0  1  1  0  2  2  5  3  1  3  3  1  1  1  1  1  0  1  2  3  1  1  0  1
  7   0  0  0  1  0  0  0  0  1  0  3  2  0  2  0  3  4  0  2  2  7  3  4  0  1
  8   0  1  0  0  0  0  0  0  0  0  1  1  1  1  0  2  1  1  5  0  1  3  3  0  2
  9   0  0  0  0  0  0  0  0  1  0  0  1  3  1  0  1  0  1  0  2  1  2  1  0  4
  10  0  0  0  0  0  0  0  0  1  1  1  0  0  2  0  1  1  3  1  1  2  1  0  0  1
  11  0  0  0  0  0  0  0  0  0  0  0  0  0  0  2  0  0  0  0  1  0  2  0  0  1
  12  0  0  0  0  0  0  0  0  0  0  0  0  0  0  0  0  0  1  0  0  1  0  0  2  0
  13  0  0  0  0  0  0  0  0  0  0  0  0  0  0  0  0  0  1  1  0  1  1  1  2  1
  14  0  0  0  0  0  0  0  0  0  0  0  0  0  0  0  0  0  1  0  0  0  0  0  0  0
  15  0  0  0  0  0  0  0  0  0  0  0  0  0  0  0  0  0  0  0  0  0  0  1  0  0
  17  0  0  0  0  0  0  0  0  0  0  0  0  0  0  0  0  0  0  0  0  0  0  0  0  0
    
     46 47 48 49 50 51 52 53 54 55 56 57 58 59 60 61 62 63 64 65 66 67 68 69 70
  0   2  0  0  0  0  0  1  0  0  0  0  0  1  1  0  0  1  0  0  1  0  1  0  0  0
  1   1  1  0  0  1  0  1  0  0  0  0  0  0  1  0  0  1  0  0  0  0  0  0  0  0
  2   0  0  0  0  0  0  1  2  1  0  0  0  0  0  0  0  1  0  0  0  1  0  0  0  0
  3   1  0  0  0  0  0  1  0  0  1  0  0  0  0  0  0  0  1  0  0  0  0  0  0  0
  4   1  0  0  0  0  0  0  0  0  0  1  0  0  0  1  1  0  1  0  0  0  1  0  0  1
  5   0  1  1  0  0  1  2  1  0  0  0  1  1  0  1  0  0  1  0  2  0  0  0  2  0
  6   2  0  0  2  3  0  0  0  1  2  0  0  0  1  1  0  0  0  0  0  3  0  0  0  0
  7   0  1  1  0  1  3  0  0  1  1  0  0  0  0  1  1  0  0  0  0  0  0  0  0  0
  8   2  0  0  1  1  0  1  0  1  0  0  2  3  0  1  0  0  0  1  0  0  1  1  0  0
  9   1  0  1  2  1  0  0  2  1  0  0  0  1  0  0  0  0  0  0  0  0  0  0  0  0
  10  0  2  0  0  0  1  0  0  1  0  2  1  0  0  0  0  0  1  0  0  0  0  0  0  0
  11  0  0  1  0  1  3  0  0  0  0  0  0  0  0  0  0  0  0  0  0  0  0  0  0  0
  12  2  0  1  0  0  0  0  0  0  0  0  0  1  0  0  0  1  0  0  0  0  0  0  0  0
  13  0  0  0  0  0  0  1  0  0  0  0  1  0  0  0  0  0  0  0  0  0  0  0  0  0
  14  1  0  0  0  0  0  0  0  0  0  0  0  0  0  0  0  0  0  0  0  0  0  0  0  0
  15  0  0  0  0  0  0  0  0  0  0  0  0  0  0  0  0  0  0  0  0  0  0  0  0  0
  17  0  1  0  0  0  0  0  0  0  0  0  0  0  0  0  0  0  0  0  0  0  0  0  0  0
    
     72 81
  0   0  0
  1   0  0
  2   1  0
  3   0  0
  4   0  0
  5   0  0
  6   0  0
  7   0  0
  8   0  0
  9   0  1
  10  0  0
  11  0  0
  12  0  0
  13  0  0
  14  0  0
  15  0  0
  17  0  0
> 
> #Subset
> HW02sub = subset(pima, age== 21)
> head(HW02sub)
    pregnant glucose diastolic triceps insulin  bmi diabetes age test
4          1      89        66      23      94 28.1    0.167  21    0
56         1      73        50      10       0 23.0    0.248  21    0
61         2      84         0       0       0  0.0    0.304  21    0
91         1      80        55       0       0 19.1    0.258  21    0
95         2     142        82      18      64 24.7    0.761  21    0
103        0     125        96       0       0 22.5    0.262  21    0

